spawn:
  world: world
  x: 162.46771523409865
  y: 168.0
  z: 201.49098770358705
  yaw: 88.968605
  pitch: -0.15000714
